ph,Hardness,Conductivity,Trihalomethanes,Turbidity,Potability,ph_rank,Hardness_rank,Conductivity_rank,Trihalomethanes_rank,Turbidity_rank,Average_Rank,Average_Rank_2,Hardness_Safe,ph_safe,Solids_safe,Chloramines_safe,Sulfate_safe,Conductivity_safe,Organic_carbon_safe,Trihalomethanes_safe,Turbidity_safe,Hardness_Safe_qty,Solids_safe_qty,Chloramines_safe_qty,Sulfate_safe_qty,Conductivity_safe_qty,Organic_carbon_safe_qty,Trihalomethanes_safe_qty,Turbidity_safe_qty,Hardness_Safe_pct,ph_safe_pct,Solids_safe_pct,Chloramines_safe_pct,Sulfate_safe_pct,Conductivity_safe_pct,Organic_carbon_safe_pct,Trihalomethanes_safe_pct,Turbidity_safe_pct,Solids_final
6.58,197.23,254.39,73.75,4.58,0,1022.0,197.23,13,2100.0,2549,724.0,81,True,True,False,False,False,True,False,True,True,1786,2,89,58,1314,0,2512,2962,54.52,40.54,0.06,2.72,1.77,40.11,0.0,76.68,90.42,False
6.92,218.1,302.41,61.93,4.92,0,1298.0,218.1,177,1184.0,2899,812.0,147,False,True,False,False,False,True,False,True,True,1786,2,89,58,1314,0,2512,2962,54.52,40.54,0.06,2.72,1.77,40.11,0.0,76.68,90.42,False
7.18,209.63,342.11,71.54,5.09,0,1491.0,209.63,514,1941.0,3025,886.0,239,False,True,False,False,False,True,False,True,False,1786,2,89,58,1314,0,2512,2962,54.52,40.54,0.06,2.72,1.77,40.11,0.0,76.68,90.42,False
7.47,212.82,358.91,46.66,4.99,1,1698.0,212.82,735,346.0,2958,890.0,244,False,True,False,False,False,True,False,True,True,1786,2,89,58,1314,0,2512,2962,54.52,40.54,0.06,2.72,1.77,40.11,0.0,76.68,90.42,False
8.18,166.64,363.24,56.31,4.6,0,2161.0,166.64,782,800.0,2589,966.0,378,True,True,False,False,False,True,False,True,True,1786,2,89,58,1314,0,2512,2962,54.52,40.54,0.06,2.72,1.77,40.11,0.0,76.68,90.42,False
6.88,190.84,349.19,68.41,4.55,1,1254.0,190.84,598,1702.0,2513,976.0,398,True,True,False,False,False,True,False,True,True,1786,2,89,58,1314,0,2512,2962,54.52,40.54,0.06,2.72,1.77,40.11,0.0,76.68,90.42,False
6.85,149.85,350.34,75.5,4.94,0,1238.0,149.85,614,2224.0,2921,978.0,402,True,True,False,False,False,True,False,True,True,1786,2,89,58,1314,0,2512,2962,54.52,40.54,0.06,2.72,1.77,40.11,0.0,76.68,90.42,False
6.79,216.65,343.97,65.61,4.68,1,1191.0,216.65,533,1487.0,2676,1067.0,598,False,True,False,False,False,True,False,True,True,1786,2,89,58,1314,0,2512,2962,54.52,40.54,0.06,2.72,1.77,40.11,0.0,76.68,90.42,False
6.85,234.94,337.57,77.3,4.92,1,1228.0,234.94,462,2332.0,2905,1076.0,623,False,True,False,False,False,True,False,True,True,1786,2,89,58,1314,0,2512,2962,54.52,40.54,0.06,2.72,1.77,40.11,0.0,76.68,90.42,False
6.62,194.98,383.12,41.34,4.64,0,1050.0,194.98,1055,200.0,2635,1102.0,677,True,True,False,False,False,True,False,True,True,1786,2,89,58,1314,0,2512,2962,54.52,40.54,0.06,2.72,1.77,40.11,0.0,76.68,90.42,False
7.26,196.65,324.25,69.38,4.53,1,1535.0,196.65,320,1791.0,2503,1119.0,722,True,True,False,False,False,True,False,True,True,1786,2,89,58,1314,0,2512,2962,54.52,40.54,0.06,2.72,1.77,40.11,0.0,76.68,90.42,False
7.99,200.13,377.58,66.89,4.75,0,2045.0,200.13,980,1583.0,2752,1123.0,735,False,True,False,False,False,True,False,True,True,1786,2,89,58,1314,0,2512,2962,54.52,40.54,0.06,2.72,1.77,40.11,0.0,76.68,90.42,False
7.83,176.73,290.12,75.71,5.2,1,1940.0,176.73,108,2238.0,3097,1126.0,747,True,True,False,False,False,True,False,True,False,1786,2,89,58,1314,0,2512,2962,54.52,40.54,0.06,2.72,1.77,40.11,0.0,76.68,90.42,False
7.95,211.8,392.17,40.23,5.43,0,2014.0,211.8,1183,173.0,3177,1154.0,820,False,True,False,False,False,True,False,True,False,1786,2,89,58,1314,0,2512,2962,54.52,40.54,0.06,2.72,1.77,40.11,0.0,76.68,90.42,False
7.9,197.6,270.79,53.2,4.89,1,1992.0,197.6,37,631.0,2866,1156.0,827,True,True,False,False,False,True,False,True,True,1786,2,89,58,1314,0,2512,2962,54.52,40.54,0.06,2.72,1.77,40.11,0.0,76.68,90.42,False
7.1,206.83,365.4,79.3,4.57,0,1437.0,206.83,812,2463.0,2540,1178.0,895,False,True,False,False,False,True,False,True,True,1786,2,89,58,1314,0,2512,2962,54.52,40.54,0.06,2.72,1.77,40.11,0.0,76.68,90.42,False
7.68,211.66,360.11,69.95,5.04,0,1830.0,211.66,751,1829.0,2991,1210.0,984,False,True,False,False,False,True,False,True,False,1786,2,89,58,1314,0,2512,2962,54.52,40.54,0.06,2.72,1.77,40.11,0.0,76.68,90.42,False
6.85,197.34,373.55,79.16,4.94,1,1236.0,197.34,925,2454.0,2919,1227.0,1039,True,True,False,False,False,True,False,True,True,1786,2,89,58,1314,0,2512,2962,54.52,40.54,0.06,2.72,1.77,40.11,0.0,76.68,90.42,False
8.22,155.76,344.95,77.18,4.51,1,2176.0,155.76,552,2322.0,2469,1227.0,1043,True,True,False,True,False,True,False,True,True,1786,2,89,58,1314,0,2512,2962,54.52,40.54,0.06,2.72,1.77,40.11,0.0,76.68,90.42,False
7.3,149.08,367.9,62.63,4.67,1,1572.0,149.08,841,1243.0,2670,1251.0,1114,True,True,False,False,False,True,False,True,True,1786,2,89,58,1314,0,2512,2962,54.52,40.54,0.06,2.72,1.77,40.11,0.0,76.68,90.42,False
6.71,185.91,303.97,50.21,4.68,1,1129.0,185.91,187,484.0,2684,1257.0,1133,True,True,False,False,False,True,False,True,True,1786,2,89,58,1314,0,2512,2962,54.52,40.54,0.06,2.72,1.77,40.11,0.0,76.68,90.42,False
7.1,201.63,348.73,49.38,4.76,0,1442.0,201.63,593,445.0,2765,1263.0,1152,False,True,False,False,False,True,False,True,True,1786,2,89,58,1314,0,2512,2962,54.52,40.54,0.06,2.72,1.77,40.11,0.0,76.68,90.42,False
6.62,196.89,264.28,45.45,5.29,0,1057.0,196.89,25,300.0,3138,1286.0,1236,True,True,False,False,False,True,False,True,False,1786,2,89,58,1314,0,2512,2962,54.52,40.54,0.06,2.72,1.77,40.11,0.0,76.68,90.42,False
7.73,227.84,328.85,66.68,4.6,1,1862.0,227.84,374,1564.0,2599,1286.0,1239,False,True,False,False,False,True,False,True,True,1786,2,89,58,1314,0,2512,2962,54.52,40.54,0.06,2.72,1.77,40.11,0.0,76.68,90.42,False
7.05,212.43,396.05,75.22,4.78,0,1406.0,212.43,1246,2200.0,2788,1289.0,1249,False,True,False,False,False,True,False,True,True,1786,2,89,58,1314,0,2512,2962,54.52,40.54,0.06,2.72,1.77,40.11,0.0,76.68,90.42,False
8.13,231.17,386.07,63.34,4.68,1,2122.0,231.17,1100,1302.0,2677,1291.0,1253,False,True,False,False,False,True,False,True,True,1786,2,89,58,1314,0,2512,2962,54.52,40.54,0.06,2.72,1.77,40.11,0.0,76.68,90.42,False
6.57,186.94,385.02,72.6,4.98,0,1016.0,186.94,1087,2007.0,2949,1305.0,1297,True,True,False,False,False,True,False,True,True,1786,2,89,58,1314,0,2512,2962,54.52,40.54,0.06,2.72,1.77,40.11,0.0,76.68,90.42,False
6.95,214.17,318.88,15.68,4.93,0,1316.0,214.17,282,5.0,2917,1308.0,1311,False,True,False,False,False,True,False,True,True,1786,2,89,58,1314,0,2512,2962,54.52,40.54,0.06,2.72,1.77,40.11,0.0,76.68,90.42,False
7.75,210.72,375.67,43.3,5.13,1,1885.0,210.72,954,247.0,3055,1317.0,1339,False,True,False,False,False,True,False,True,False,1786,2,89,58,1314,0,2512,2962,54.52,40.54,0.06,2.72,1.77,40.11,0.0,76.68,90.42,False
8.18,186.67,370.32,55.49,4.61,1,2160.0,186.67,881,755.0,2605,1320.0,1347,True,True,False,False,False,True,False,True,True,1786,2,89,58,1314,0,2512,2962,54.52,40.54,0.06,2.72,1.77,40.11,0.0,76.68,90.42,False
7.98,121.07,338.51,59.27,4.57,0,2044.0,121.07,476,971.0,2538,1336.0,1408,True,True,False,False,False,True,False,True,True,1786,2,89,58,1314,0,2512,2962,54.52,40.54,0.06,2.72,1.77,40.11,0.0,76.68,90.42,False
7.29,208.44,352.6,64.03,4.69,0,1559.0,208.44,641,1362.0,2685,1353.0,1472,False,True,False,False,False,True,False,True,True,1786,2,89,58,1314,0,2512,2962,54.52,40.54,0.06,2.72,1.77,40.11,0.0,76.68,90.42,False
6.88,138.44,286.92,54.56,4.58,1,1259.0,138.44,90,704.0,2559,1371.0,1539,True,True,False,False,False,True,False,True,True,1786,2,89,58,1314,0,2512,2962,54.52,40.54,0.06,2.72,1.77,40.11,0.0,76.68,90.42,False
6.77,168.94,289.54,62.0,5.22,0,1173.0,168.94,105,1189.0,3112,1372.0,1544,True,True,False,False,False,True,False,True,False,1786,2,89,58,1314,0,2512,2962,54.52,40.54,0.06,2.72,1.77,40.11,0.0,76.68,90.42,False
7.78,196.82,372.76,14.34,5.05,0,1906.0,196.82,916,4.0,2993,1373.0,1549,True,True,False,False,False,True,False,True,False,1786,2,89,58,1314,0,2512,2962,54.52,40.54,0.06,2.72,1.77,40.11,0.0,76.68,90.42,False
7.15,238.69,332.03,66.14,5.18,0,1467.0,238.69,402,1527.0,3088,1375.0,1561,False,True,False,False,False,True,False,True,False,1786,2,89,58,1314,0,2512,2962,54.52,40.54,0.06,2.72,1.77,40.11,0.0,76.68,90.42,False
7.92,175.34,322.53,70.12,4.64,1,2002.0,175.34,304,1845.0,2640,1384.0,1591,True,True,False,False,False,True,False,True,True,1786,2,89,58,1314,0,2512,2962,54.52,40.54,0.06,2.72,1.77,40.11,0.0,76.68,90.42,False
7.3,182.45,307.43,49.9,4.6,1,1573.0,182.45,207,471.0,2584,1385.0,1594,True,True,False,False,False,True,False,True,True,1786,2,89,58,1314,0,2512,2962,54.52,40.54,0.06,2.72,1.77,40.11,0.0,76.68,90.42,False
6.8,224.0,344.72,60.15,4.85,1,1206.0,224.0,549,1044.0,2841,1398.0,1640,False,True,False,False,False,True,False,True,True,1786,2,89,58,1314,0,2512,2962,54.52,40.54,0.06,2.72,1.77,40.11,0.0,76.68,90.42,False
7.74,208.92,397.06,73.18,5.02,0,1876.0,208.92,1258,2060.0,2973,1403.0,1660,False,True,False,False,False,True,False,True,False,1786,2,89,58,1314,0,2512,2962,54.52,40.54,0.06,2.72,1.77,40.11,0.0,76.68,90.42,False
7.88,229.24,368.77,49.8,4.63,0,1976.0,229.24,854,466.0,2631,1409.0,1687,False,True,False,False,False,True,False,True,True,1786,2,89,58,1314,0,2512,2962,54.52,40.54,0.06,2.72,1.77,40.11,0.0,76.68,90.42,False
6.68,272.11,307.73,75.4,5.21,1,1109.0,272.11,209,2216.0,3105,1410.0,1694,False,True,False,False,False,True,False,True,False,1786,2,89,58,1314,0,2512,2962,54.52,40.54,0.06,2.72,1.77,40.11,0.0,76.68,90.42,False
7.38,148.3,316.58,58.86,5.34,0,1638.0,148.3,270,949.0,3148,1414.0,1708,True,True,False,False,False,True,False,True,False,1786,2,89,58,1314,0,2512,2962,54.52,40.54,0.06,2.72,1.77,40.11,0.0,76.68,90.42,False
6.92,210.86,392.36,77.08,4.6,1,1290.0,210.86,1186,2311.0,2587,1414.0,1709,False,True,False,False,False,True,False,True,True,1786,2,89,58,1314,0,2512,2962,54.52,40.54,0.06,2.72,1.77,40.11,0.0,76.68,90.42,False
6.99,221.0,326.59,62.77,4.81,0,1363.0,221.0,345,1258.0,2804,1415.0,1712,False,True,False,False,False,True,False,True,True,1786,2,89,58,1314,0,2512,2962,54.52,40.54,0.06,2.72,1.77,40.11,0.0,76.68,90.42,False
6.88,214.73,306.78,79.69,4.7,1,1256.0,214.73,203,2490.0,2705,1434.0,1783,False,True,False,False,False,True,False,True,True,1786,2,89,58,1314,0,2512,2962,54.52,40.54,0.06,2.72,1.77,40.11,0.0,76.68,90.42,False
8.13,211.12,367.99,55.8,4.82,1,2123.0,211.12,844,776.0,2817,1441.0,1815,False,True,False,False,False,True,False,True,True,1786,2,89,58,1314,0,2512,2962,54.52,40.54,0.06,2.72,1.77,40.11,0.0,76.68,90.42,False
7.24,196.98,322.37,50.66,4.76,1,1530.0,196.98,301,496.0,2766,1445.0,1837,True,True,False,False,False,True,False,True,True,1786,2,89,58,1314,0,2512,2962,54.52,40.54,0.06,2.72,1.77,40.11,0.0,76.68,90.42,False
7.1,207.54,297.11,71.02,4.91,0,1438.0,207.54,149,1910.0,2893,1449.0,1863,False,True,False,False,False,True,False,True,True,1786,2,89,58,1314,0,2512,2962,54.52,40.54,0.06,2.72,1.77,40.11,0.0,76.68,90.42,False
7.57,213.43,341.72,67.23,5.19,1,1761.0,213.43,510,1606.0,3091,1462.0,1901,False,True,False,False,False,True,False,True,False,1786,2,89,58,1314,0,2512,2962,54.52,40.54,0.06,2.72,1.77,40.11,0.0,76.68,90.42,False
7.26,212.52,332.43,70.3,4.85,0,1540.0,212.52,408,1859.0,2839,1465.0,1910,False,True,False,False,False,True,False,True,True,1786,2,89,58,1314,0,2512,2962,54.52,40.54,0.06,2.72,1.77,40.11,0.0,76.68,90.42,False
7.93,224.72,315.91,32.44,4.85,1,2006.0,224.72,264,64.0,2840,1470.0,1928,False,True,False,False,False,True,False,True,True,1786,2,89,58,1314,0,2512,2962,54.52,40.54,0.06,2.72,1.77,40.11,0.0,76.68,90.42,False
6.73,178.49,341.77,64.13,5.11,1,1139.0,178.49,513,1373.0,3039,1490.0,1979,True,True,False,False,False,True,False,True,False,1786,2,89,58,1314,0,2512,2962,54.52,40.54,0.06,2.72,1.77,40.11,0.0,76.68,90.42,False
8.28,163.36,351.63,78.5,4.72,1,2205.0,163.36,633,2421.0,2726,1508.0,2034,True,True,False,False,False,True,False,True,True,1786,2,89,58,1314,0,2512,2962,54.52,40.54,0.06,2.72,1.77,40.11,0.0,76.68,90.42,False
6.84,196.2,363.8,41.12,4.78,0,1222.0,196.2,790,192.0,2784,1516.0,2056,True,True,False,False,False,True,False,True,True,1786,2,89,58,1314,0,2512,2962,54.52,40.54,0.06,2.72,1.77,40.11,0.0,76.68,90.42,False
7.61,193.66,394.6,39.5,5.4,1,1791.0,193.66,1225,153.0,3169,1517.0,2059,True,True,False,False,False,True,False,True,False,1786,2,89,58,1314,0,2512,2962,54.52,40.54,0.06,2.72,1.77,40.11,0.0,76.68,90.42,False
6.64,188.91,336.56,67.84,4.56,1,1082.0,188.91,450,1653.0,2530,1541.0,2150,True,True,False,False,False,True,False,True,True,1786,2,89,58,1314,0,2512,2962,54.52,40.54,0.06,2.72,1.77,40.11,0.0,76.68,90.42,False
6.65,181.69,257.7,35.3,4.83,0,1090.0,181.69,16,99.0,2827,1545.0,2168,True,True,False,False,False,True,False,True,True,1786,2,89,58,1314,0,2512,2962,54.52,40.54,0.06,2.72,1.77,40.11,0.0,76.68,90.42,False
6.65,213.96,372.69,31.9,5.14,0,1089.0,213.96,915,57.0,3059,1548.0,2178,False,True,False,False,False,True,False,True,False,1786,2,89,58,1314,0,2512,2962,54.52,40.54,0.06,2.72,1.77,40.11,0.0,76.68,90.42,False
6.91,211.11,323.89,71.92,5.41,1,1284.0,211.11,316,1966.0,3170,1549.0,2183,False,True,False,False,False,True,False,True,False,1786,2,89,58,1314,0,2512,2962,54.52,40.54,0.06,2.72,1.77,40.11,0.0,76.68,90.42,False
8.29,196.55,388.94,73.19,5.44,0,2210.0,196.55,1140,2061.0,3185,1551.0,2189,True,True,False,False,False,True,False,True,False,1786,2,89,58,1314,0,2512,2962,54.52,40.54,0.06,2.72,1.77,40.11,0.0,76.68,90.42,False
7.95,221.37,309.25,72.69,5.26,1,2023.0,221.37,216,2015.0,3128,1552.0,2191,False,True,False,False,False,True,False,True,False,1786,2,89,58,1314,0,2512,2962,54.52,40.54,0.06,2.72,1.77,40.11,0.0,76.68,90.42,False
7.78,215.53,349.43,65.83,5.43,1,1902.0,215.53,603,1502.0,3174,1559.0,2222,False,True,False,False,False,True,False,True,False,1786,2,89,58,1314,0,2512,2962,54.52,40.54,0.06,2.72,1.77,40.11,0.0,76.68,90.42,False
7.03,185.32,326.27,52.72,5.35,0,1385.0,185.32,341,604.0,3152,1585.0,2298,True,True,False,False,False,True,False,True,False,1786,2,89,58,1314,0,2512,2962,54.52,40.54,0.06,2.72,1.77,40.11,0.0,76.68,90.42,False
8.21,167.1,391.07,61.06,4.98,1,2174.0,167.1,1172,1119.0,2947,1585.0,2299,True,True,False,False,True,True,False,True,True,1786,2,89,58,1314,0,2512,2962,54.52,40.54,0.06,2.72,1.77,40.11,0.0,76.68,90.42,False
7.27,197.66,300.02,66.61,4.71,1,1550.0,197.66,163,1555.0,2720,1590.0,2313,True,True,False,False,False,True,False,True,True,1786,2,89,58,1314,0,2512,2962,54.52,40.54,0.06,2.72,1.77,40.11,0.0,76.68,90.42,False
7.54,258.49,352.2,59.16,5.43,1,1745.0,258.49,636,965.0,3175,1635.0,2429,False,True,False,False,False,True,False,True,False,1786,2,89,58,1314,0,2512,2962,54.52,40.54,0.06,2.72,1.77,40.11,0.0,76.68,90.42,False
7.89,213.05,326.12,64.66,4.59,1,1978.0,213.05,339,1415.0,2571,1644.0,2459,False,True,False,False,False,True,False,True,True,1786,2,89,58,1314,0,2512,2962,54.52,40.54,0.06,2.72,1.77,40.11,0.0,76.68,90.42,False
6.76,231.26,385.11,79.3,5.16,0,1163.0,231.26,1089,2464.0,3076,1659.0,2502,False,True,False,False,False,True,False,True,False,1786,2,89,58,1314,0,2512,2962,54.52,40.54,0.06,2.72,1.77,40.11,0.0,76.68,90.42,False
8.3,198.2,294.33,44.06,5.4,0,2216.0,198.2,131,268.0,3166,1664.0,2522,True,True,False,False,False,True,False,True,False,1786,2,89,58,1314,0,2512,2962,54.52,40.54,0.06,2.72,1.77,40.11,0.0,76.68,90.42,False
7.65,188.51,393.29,73.31,4.95,0,1813.0,188.51,1205,2074.0,2931,1677.0,2553,True,True,False,False,False,True,False,True,True,1786,2,89,58,1314,0,2512,2962,54.52,40.54,0.06,2.72,1.77,40.11,0.0,76.68,90.42,False
7.75,220.1,385.05,47.0,4.83,1,1883.0,220.1,1088,359.0,2831,1682.0,2571,False,True,False,False,False,True,False,True,True,1786,2,89,58,1314,0,2512,2962,54.52,40.54,0.06,2.72,1.77,40.11,0.0,76.68,90.42,False
7.68,221.58,372.8,51.89,4.78,0,1833.0,221.58,917,556.0,2790,1690.0,2596,False,True,False,False,False,True,False,True,True,1786,2,89,58,1314,0,2512,2962,54.52,40.54,0.06,2.72,1.77,40.11,0.0,76.68,90.42,False
8.14,220.63,366.8,53.72,4.62,1,2134.0,220.63,830,656.0,2617,1703.0,2635,False,True,False,False,False,True,False,True,True,1786,2,89,58,1314,0,2512,2962,54.52,40.54,0.06,2.72,1.77,40.11,0.0,76.68,90.42,False
6.79,227.23,360.76,40.29,4.82,0,1201.0,227.23,757,175.0,2819,1705.0,2641,False,True,False,False,False,True,False,True,True,1786,2,89,58,1314,0,2512,2962,54.52,40.54,0.06,2.72,1.77,40.11,0.0,76.68,90.42,False
8.31,212.7,365.43,70.49,4.78,0,2225.0,212.7,813,1871.0,2783,1718.0,2669,False,True,False,False,False,True,False,True,True,1786,2,89,58,1314,0,2512,2962,54.52,40.54,0.06,2.72,1.77,40.11,0.0,76.68,90.42,False
6.89,223.6,386.62,67.92,4.56,1,1261.0,223.6,1112,1660.0,2532,1721.0,2679,False,True,False,False,False,True,False,True,True,1786,2,89,58,1314,0,2512,2962,54.52,40.54,0.06,2.72,1.77,40.11,0.0,76.68,90.42,False
6.95,220.96,368.0,53.01,4.82,0,1315.0,220.96,845,620.0,2821,1763.0,2772,False,True,False,False,False,True,False,True,True,1786,2,89,58,1314,0,2512,2962,54.52,40.54,0.06,2.72,1.77,40.11,0.0,76.68,90.42,False
7.68,233.3,232.61,60.99,5.04,0,1825.0,233.3,5,1114.0,2990,1805.0,2842,False,True,False,False,False,True,False,True,False,1786,2,89,58,1314,0,2512,2962,54.52,40.54,0.06,2.72,1.77,40.11,0.0,76.68,90.42,False
7.44,167.33,398.57,69.25,4.5,0,1671.0,167.33,1284,1782.0,2452,1816.0,2863,True,True,False,False,False,True,False,True,True,1786,2,89,58,1314,0,2512,2962,54.52,40.54,0.06,2.72,1.77,40.11,0.0,76.68,90.42,False
8.24,190.06,377.68,37.71,4.94,0,2182.0,190.06,983,129.0,2922,1832.0,2887,True,True,False,False,False,True,False,True,True,1786,2,89,58,1314,0,2512,2962,54.52,40.54,0.06,2.72,1.77,40.11,0.0,76.68,90.42,False
7.28,175.22,373.35,56.8,5.06,1,1552.0,175.22,922,827.0,3008,1833.0,2889,True,True,False,False,False,True,False,True,False,1786,2,89,58,1314,0,2512,2962,54.52,40.54,0.06,2.72,1.77,40.11,0.0,76.68,90.42,False
7.66,230.82,305.63,72.21,4.79,1,1816.0,230.82,193,1984.0,2794,1879.0,2976,False,True,False,False,False,True,False,True,True,1786,2,89,58,1314,0,2512,2962,54.52,40.54,0.06,2.72,1.77,40.11,0.0,76.68,90.42,False
7.74,185.57,314.43,59.87,5.21,1,1875.0,185.57,248,1017.0,3104,1884.0,2986,True,True,False,False,False,True,False,True,False,1786,2,89,58,1314,0,2512,2962,54.52,40.54,0.06,2.72,1.77,40.11,0.0,76.68,90.42,False
6.65,172.58,389.47,67.98,4.87,0,1094.0,172.58,1153,1665.0,2854,1997.0,3127,True,True,False,False,False,True,False,True,True,1786,2,89,58,1314,0,2512,2962,54.52,40.54,0.06,2.72,1.77,40.11,0.0,76.68,90.42,False
